2
3
0 990 692
990 0 179
692 179 0
6
0 13 9999 9999 39 27
13 0 7 9999 9999 28
9999 7 0 7 9999 2
9999 9999 7 0 36 14
39 9999 9999 36 0 34
27 28 2 14 34 0
